1.057398955627277637e+01
4.190372860500517760e+01
9.501217107365435766e+01
1.691499184496894372e+02
2.844491058818534270e+02
4.861272322587859662e+02
4.132782115983139306e+02
4.390589782037376949e+02
5.863304517188878435e+02
5.998393572852554598e+02
6.371214967377220546e+02
6.789956532594322880e+02
7.617229137087213076e+02
7.985539166634512185e+02
8.655680681319989844e+02
9.273697831190845591e+02
1.088794340291864501e+03
1.106117342735921738e+03
1.000388008877939001e+03
8.888537650216683232e+02
8.532628485325773227e+02
6.495463789859594499e+02
5.875769123027254182e+02
5.657047014167660564e+02
5.807437989680242936e+02
5.123583314643693711e+02
4.579100030997589101e+02
4.428099433840991423e+02
4.156370140250274403e+02
3.826297425906169565e+02
3.342292736040219552e+02
3.003099297157793330e+02
2.310166629868410553e+02
1.790355488838381746e+02
1.813173977446493836e+02
1.519864859054076192e+02
1.437699936015806372e+02
1.339955107246498187e+02
1.121875701667235887e+02
1.463899603386163051e+02
1.344267786076424898e+02
1.328197673154193694e+02
1.292634315437773580e+02
1.131018256338819867e+02
1.144089766922904658e+02
9.515165343459607072e+01
7.483147625251631041e+01
6.473822951402577530e+01
6.336715987796307559e+01
6.881623654462249817e+01
3.982603826486199239e+01
2.258783178244325285e+01
2.136004717793783669e+01
2.057579227184226411e+01
2.209631848931892151e+01
2.258700450245259006e+01
2.250055368321075022e+01
2.308901024173836447e+01
2.069241611256394364e+01
1.780251898947787481e+01
1.842633246042836248e+01
1.910460352626384051e+01
1.847972853085262201e+01
1.652537922098770906e+01
1.623581769925371532e+01
1.704705172480275976e+01
1.642863605242428449e+01
1.617101036793596691e+01
1.573399007881500999e+01
1.568372364201518110e+01
1.603187575812329513e+01
1.643824903877388621e+01
1.591548645250280281e+01
1.575451057557137879e+01
1.555463593570095959e+01
1.580267416921608437e+01
1.518607866711058385e+01
1.448200879954173281e+01
1.457115351025469074e+01
1.467421616802701578e+01
1.388596230217612515e+01
1.351231382223189570e+01
1.379181009135435154e+01
1.394604673839051046e+01
1.337842925134647842e+01
1.414883211559394560e+01
1.364872227614376321e+01
1.387427429460203854e+01
1.407927606570603629e+01
1.430781562555550224e+01
1.481643123229438608e+01
1.494563518255663759e+01
1.499776691317636157e+01
1.440718502883498608e+01
1.445824419433376740e+01
1.481192996389447636e+01
1.450745183172219122e+01
1.474156543244585293e+01
1.475285333657905440e+01
1.477867527665778624e+01
