3.639222460185926877e-01
4.035806488372182255e-01
4.197076232497183867e-01
4.421179957955157502e-01
4.783125504209906342e-01
5.183586653050962223e-01
5.505635611000055940e-01
5.848773919712180192e-01
6.394870267730472513e-01
7.009369139367562784e-01
7.623612521992264579e-01
7.938969140390751411e-01
8.458304985248066288e-01
8.647475144740786046e-01
8.671580060566224102e-01
9.415224057892462861e-01
9.963187994025940464e-01
1.063404239962888687e+00
1.058203179444580533e+00
1.102665452025875625e+00
1.133392985943605824e+00
1.147904262675345954e+00
1.133085206364321751e+00
1.105141598986115969e+00
1.128266621367894462e+00
1.124466793633079886e+00
1.110614719954464036e+00
1.117310931786196671e+00
1.156995854245205457e+00
1.199568179991863603e+00
1.189359073973768943e+00
1.141418526303691561e+00
1.173444282057611865e+00
1.182711954168982116e+00
1.194620450930318212e+00
1.196649037365664192e+00
1.182246914552246730e+00
1.221100237862701388e+00
1.167783672232010295e+00
1.159103112531152613e+00
1.145260572750049777e+00
1.178915459251551612e+00
1.154241246492441864e+00
1.170646437336708257e+00
1.168474611779113381e+00
1.145574589161298729e+00
1.103355421174855522e+00
1.072708351107310998e+00
1.052393169388991190e+00
1.036937055254707030e+00
