2.433586820313062282e-01
2.469534663975294364e-01
2.589663218786047993e-01
2.632120523261138323e-01
2.644785931983414384e-01
2.663200648685423721e-01
2.694174152036580838e-01
2.729047193072535737e-01
2.732305980437664816e-01
2.772412753525360651e-01
2.775989058384612518e-01
2.862579662124398183e-01
2.850871568488952401e-01
2.864132927104058313e-01
2.883309226432340111e-01
2.889980789607681788e-01
2.909118588449859932e-01
2.897108232380051218e-01
2.939249771525065946e-01
2.961457182087021689e-01
2.938280897193450980e-01
2.934399493764410227e-01
2.955038138302939488e-01
2.987105075217155736e-01
2.979536090324335085e-01
3.002258906431263252e-01
3.021277531057194876e-01
3.015839430401557331e-01
3.011358753907598662e-01
3.034315165314370177e-01
3.030169376539451065e-01
3.023340542753282789e-01
3.051311804825831420e-01
3.061132983286649067e-01
3.041533721547792779e-01
3.057302601379643936e-01
3.073412003297316675e-01
3.064968032696874234e-01
3.074704853373975144e-01
3.059836920613521749e-01
3.081042244458327417e-01
3.085249349605558300e-01
3.070822141781069381e-01
3.074310896817739613e-01
3.079134780814178907e-01
3.072084495316657615e-01
3.089309630387361283e-01
3.096332077405323235e-01
3.084807376476760843e-01
3.101179537758003701e-01
