4.491950141316936040e-01
4.492735323290444338e-01
4.507235573554739250e-01
4.505632020767132984e-01
4.512318141300907803e-01
4.527966267316075322e-01
4.528488564056021293e-01
4.534589592178978612e-01
4.530754814212814008e-01
4.529416068146946417e-01
4.534618768080209139e-01
4.533190932541947826e-01
4.529118171614260890e-01
4.534723412336622572e-01
4.535418144920700945e-01
4.541201031351496664e-01
4.537509763686088937e-01
4.537596955356998918e-01
4.544339057857585407e-01
4.540873191401411657e-01
4.542933611568299446e-01
4.552064119803407305e-01
4.550520738717300229e-01
4.554106227115511385e-01
4.557568491616131867e-01
4.547501426046140494e-01
4.554019371770263169e-01
4.548940529393002974e-01
4.558543423592569255e-01
4.550617015158741063e-01
4.551472960136478396e-01
4.554121724821221795e-01
4.549249245732637781e-01
4.551907143564536962e-01
4.551366122814680115e-01
4.558280094842753760e-01
4.554892519126477191e-01
4.553155811069088954e-01
4.559018776407117168e-01
4.557495076778080301e-01
4.554127166698101470e-01
4.557682529174476027e-01
4.558375193828684280e-01
4.555078062513567283e-01
4.556080522035600433e-01
4.556866633874991912e-01
4.556425402420158366e-01
4.557303129820272081e-01
4.560083325048264746e-01
4.560948016319247844e-01
