3.482780636641050531e+00
3.508920918673733791e+00
3.503547890605141379e+00
3.457938543820761712e+00
3.451976303042928240e+00
3.442315716955877569e+00
3.408905393334723311e+00
3.390488409781671209e+00
3.349335221167413668e+00
3.329033248577695669e+00
3.317791691877422178e+00
3.311850027147965836e+00
3.301970548770803759e+00
3.306116286476286970e+00
3.309289286538599661e+00
3.310564865486427255e+00
3.315247956791290029e+00
3.313786355366575176e+00
3.316562216987173350e+00
3.320360843993104272e+00
3.316692332287222378e+00
3.315990596603570761e+00
3.311564288766503328e+00
3.314566948053923934e+00
3.315394148466501711e+00
3.315500670202169431e+00
3.317245412200136467e+00
3.320884036052710098e+00
3.320131184656577528e+00
3.322826955258165960e+00
3.323844660395591788e+00
3.322032008335866760e+00
3.323513347083835168e+00
3.327022806069199756e+00
3.326929802740980158e+00
3.330304939571925082e+00
3.328646578910276155e+00
3.330406178089202029e+00
3.330616160575273543e+00
3.330916294964611613e+00
3.333282859023542599e+00
3.331860128139243926e+00
3.330024893625953553e+00
3.331271806749481090e+00
3.334567280241572895e+00
3.335760287647572042e+00
3.335698474537913683e+00
3.339425872303713572e+00
3.335907380422558965e+00
3.332840826113076638e+00
