3.461953068845335046e+00
3.453272536220352240e+00
3.422775718408690437e+00
3.413836063912258467e+00
3.405048730000299617e+00
3.407431433587143843e+00
3.386180734628714717e+00
3.369560679456154340e+00
3.358729492829336749e+00
3.351379856058341211e+00
3.352446842712380803e+00
3.349342039440806662e+00
3.344560687838987967e+00
3.346812839233385795e+00
3.335908724762190136e+00
3.331366015653723256e+00
3.331005875916018599e+00
3.329086626007943472e+00
3.322700840158149926e+00
3.326059938087192691e+00
3.328609869577175306e+00
3.324151716287964575e+00
3.331888113001761464e+00
3.331413598793152797e+00
3.325236351834910398e+00
3.321377817590639658e+00
3.324966869815453752e+00
3.328881577726721108e+00
3.332781874941316946e+00
3.335224063262283156e+00
3.337382843028159574e+00
3.336532329067835256e+00
3.335372287712737194e+00
3.333356077711986387e+00
3.329505781428585109e+00
3.330072361143096238e+00
3.333014984945268822e+00
3.333284955921762549e+00
3.334579516132899712e+00
3.335790996684815823e+00
3.335656954308722888e+00
3.335332975393866306e+00
3.332879047776285741e+00
3.334544426465964939e+00
3.332727999994805401e+00
3.332996362959303127e+00
3.333277650890074550e+00
3.331603124644182401e+00
3.334684057531180468e+00
3.331788098006620569e+00
