3.467082864556068067e+00
3.452057728557795802e+00
3.436146188307699578e+00
3.405445271031377175e+00
3.396742029291432097e+00
3.384499778733668585e+00
3.362025071602944948e+00
3.331219574562428232e+00
3.323986974274067308e+00
3.330578957688224317e+00
3.326209633915258035e+00
3.326146348199905400e+00
3.322086013322958831e+00
3.320000203562172736e+00
3.323143901376909515e+00
3.319728783736271005e+00
3.332382872988856271e+00
3.327270167514717603e+00
3.325915977153276692e+00
3.330421299402717583e+00
3.331193894715889670e+00
3.331588241549992446e+00
3.334054331663749426e+00
3.332084018265907943e+00
3.335548774083197276e+00
3.331475389477972726e+00
3.333617433528223817e+00
3.331731864765551165e+00
3.333758150758020289e+00
3.337367686567777714e+00
3.335322048511810689e+00
3.336283382243919071e+00
3.340655275248853862e+00
3.343007899926906390e+00
3.344450790443227906e+00
3.342786839985703473e+00
3.341480796073870607e+00
3.336527529884048437e+00
3.339633877704557552e+00
3.336061963336352409e+00
3.337554385259716039e+00
3.338212120983659492e+00
3.337515210915353858e+00
3.335022025005931035e+00
3.335154286873823537e+00
3.337372181191423426e+00
3.334385253686684703e+00
3.334291551396354691e+00
3.337232986814848257e+00
3.339228462453011748e+00
