4.504890671209109132e-01
4.511188633602993270e-01
4.504909226030919256e-01
4.505573160335174521e-01
4.513139572521846499e-01
4.516940127664608173e-01
4.523671581725393631e-01
4.518214805701799008e-01
4.520263697588134955e-01
4.534343281570968887e-01
4.526236520305875199e-01
4.523221949064530900e-01
4.531370531918276212e-01
4.535319824489100760e-01
4.530532163512623889e-01
4.533815400764312775e-01
4.527951606670879148e-01
4.534164001785547793e-01
4.540401315291781037e-01
4.532933647104768204e-01
4.537819772379395600e-01
4.533641009889907703e-01
4.535237476371578036e-01
4.534652648897452565e-01
4.537665493816021023e-01
4.546973447754525943e-01
4.543133908784960928e-01
4.541776270551128314e-01
4.544529202190724093e-01
4.535934896530967042e-01
4.538856921304028069e-01
4.549090956919664697e-01
4.540916059856944798e-01
4.542681666274364649e-01
4.542061721083422987e-01
4.550037541022621812e-01
4.542301546454058925e-01
4.546764067905383899e-01
4.545718975066288525e-01
4.544254474240649877e-01
4.547006486259891345e-01
4.547732874148013860e-01
4.548420101161952389e-01
4.550886207419592711e-01
4.546424816798277369e-01
4.547788892058831633e-01
4.552587483819389713e-01
4.553214853166207554e-01
4.553537540799708627e-01
4.557214302617123014e-01
