4.490388516614565728e-01
4.489266935915149359e-01
4.498491135288348319e-01
4.508198689371011869e-01
4.514775377584407390e-01
4.519414319262011204e-01
4.518220418629773083e-01
4.515493518169902964e-01
4.518155077979764123e-01
4.518195809633910875e-01
4.521284542074280322e-01
4.520404602762981283e-01
4.523951268664750947e-01
4.517871031781116042e-01
4.522004492643325602e-01
4.518495336107492544e-01
4.525051131940985294e-01
4.530876242791999076e-01
4.527020827258507740e-01
4.526921347872265300e-01
4.533642928918029669e-01
4.533329662531715432e-01
4.534100064431941801e-01
4.532859043096945095e-01
4.534885462627109010e-01
4.535135213825765010e-01
4.535715300598185951e-01
4.530238742240911831e-01
4.536110588283324141e-01
4.535024182708374263e-01
4.537022869031985817e-01
4.536619890892464313e-01
4.541965981202940594e-01
4.538887597771331661e-01
4.541354053164329829e-01
4.536252815701188879e-01
4.539621295082980068e-01
4.540456700589675099e-01
4.540768830704492998e-01
4.543649524427675890e-01
4.542483872910687004e-01
4.542822927404445710e-01
4.541457103033264553e-01
4.548014573930940774e-01
4.542854544948800033e-01
4.545490917337413062e-01
4.551491875654118946e-01
4.553225009368799814e-01
4.547739881966595399e-01
4.547545231525353393e-01
