2.420577449625224697e-01
2.524770332941675965e-01
2.586151163134353670e-01
2.658711326337496184e-01
2.693359861353749052e-01
2.709350686054534108e-01
2.727097329708043638e-01
2.730991284618977111e-01
2.787908907176448459e-01
2.824187030325142622e-01
2.886166909371853939e-01
2.898657461914652123e-01
2.929224941651875080e-01
2.916762453510135522e-01
2.959175613637669566e-01
2.965708431682724244e-01
2.996691258827820503e-01
2.992314430870744446e-01
3.008614176574178067e-01
3.013849794248786851e-01
3.032515424472298493e-01
3.015713165591881184e-01
3.037425079107999304e-01
3.064393565687517640e-01
3.082887600942684769e-01
3.089565743523451924e-01
3.096088837482168232e-01
3.105643148573469792e-01
3.132786604485685023e-01
3.139577508591365751e-01
3.149000313992784683e-01
3.134275241568857950e-01
3.144291878204394375e-01
3.156751961237347914e-01
3.196125036111011064e-01
3.171943042332256990e-01
3.167680654897446213e-01
3.186417579042091774e-01
3.177143092858399354e-01
3.204775039935662262e-01
3.202277298024556185e-01
3.187730733212842393e-01
3.211322073927241894e-01
3.199392424916204236e-01
3.217459565018964129e-01
3.204079842479862217e-01
3.201469518042920348e-01
3.197049387381313279e-01
3.215421393393809169e-01
3.222095358644121443e-01
