2.333501468141832569e-01
2.400688750820594852e-01
2.424256146882242113e-01
2.493260830002151096e-01
2.527627513258016712e-01
2.567100860414184282e-01
2.645403935322166999e-01
2.643029797799275049e-01
2.674766027285319647e-01
2.709320083036014237e-01
2.717951639202289549e-01
2.772061821949474703e-01
2.774943566598694344e-01
2.799544662956471863e-01
2.818740597376762080e-01
2.845868445233649124e-01
2.844794679002387583e-01
2.871307097870210989e-01
2.874769096241080457e-01
2.911517073020867818e-01
2.914827868235537189e-01
2.916641931383908148e-01
2.958721799275436659e-01
2.998503541487796409e-01
2.943213664285451725e-01
3.008514537219512119e-01
2.978009718668245265e-01
2.970908200135689015e-01
2.977507591739042558e-01
3.016297394650229169e-01
3.015686907192242083e-01
3.037072077920158208e-01
3.040990352748907388e-01
3.043685513375198881e-01
3.052476648238177659e-01
3.075271683338657303e-01
3.048357126527642125e-01
3.072438838683564932e-01
3.072176153267837106e-01
3.068109674164622436e-01
3.090064806604336800e-01
3.086294443620026806e-01
3.094280026342994816e-01
3.086228744535174928e-01
3.116917903834078851e-01
3.099340890044770536e-01
3.133360712408481685e-01
3.133828175626066637e-01
3.134451806859804290e-01
3.150801716505102212e-01
